This folder: /media/daniella/B/git/danimesq/Entertainment/YT-TTK/Mesquito/&meta/Esquetes/Dr Cotonete

  File: ./Bordoes
  Size: 0         	Blocks: 0          IO Block: 4096   regular empty file
Device: 8,36	Inode: 4392537     Links: 1
Access: (0664/-rw-rw-r--)  Uid: ( 1000/daniella)   Gid: ( 1000/daniella)
Access: 2023-12-17 02:10:10.047423300 -0300
Modify: 2023-12-17 02:10:04.795457100 -0300
Change: 2023-12-17 02:10:07.919437000 -0300
 Birth: 2023-12-17 02:10:04.795457100 -0300
IPFS hash: QmbFMke1KXqnYyBBWxB74N4c5SBnJMVAiMNRcGu6x1AwQH
------------------------------